[VERSION]
Num = 1
[1f5b8b]
Flag = 1 0 0 0 1 0 0 0 0 0 0 
[1f668e]
Flag = 1 0 0 1 0 0 0 0 0 0 0 
[22e281]
Flag = 1 0 0 0 0 0 0 0 0 0 0 
[22ed84]
Flag = 1 0 0 0 0 0 0 0 0 0 0 
[24c705]
Flag = 1 0 0 0 0 0 0 0 0 0 0 
[284dfb]
Flag = 1 0 0 0 0 0 0 0 0 0 0 
[2b0ebb]
Flag = 1 0 0 0 0 0 0 0 0 0 0 
[2b19be]
Flag = 1 0 0 0 0 0 0 0 0 0 0 
[2fbf02]
Flag = 1 1 0 0 0 0 0 0 0 0 0 
[3232ad]
Flag = 1 0 0 0 0 0 0 0 0 0 0 
[368adc]
Flag = 1 0 0 0 0 1 0 0 0 0 0 
[3b3020]
Flag = 1 0 0 0 0 0 0 0 0 0 0 
[3beb53]
Flag = 1 0 0 0 1 0 0 0 0 0 0 
[40d2a9]
Flag = 1 0 0 0 0 1 0 0 0 0 0 
[498307]
Flag = 1 0 0 0 1 0 0 0 0 0 0 
[4577ed]
Flag = 1 0 1 0 0 0 0 0 0 0 0 
[458df3]
Flag = 1 0 1 0 0 0 0 0 0 0 0 
[45a3f9]
Flag = 1 1 1 0 0 0 0 0 0 0 0 
[48a6cb]
Flag = 1 0 0 0 0 0 0 0 0 0 0 
[4f72a5]
Flag = 1 1 0 0 0 0 0 0 0 0 0 
[4f7da8]
Flag = 1 1 0 0 0 0 0 0 0 0 0 
[52807a]
Flag = 1 0 0 0 0 0 0 0 0 0 0 
[528b7d]
Flag = 1 0 0 0 0 0 0 0 0 0 0 
[55db64]
Flag = 1 0 0 1 0 0 0 0 0 0 0 
[fffff4fd]
Flag = 1 0 0 0 0 0 0 0 0 0 0 
[587b1b]
Flag = 1 0 0 0 0 0 0 0 0 0 0 5 
[589c24]
Flag = 1 0 0 0 0 0 0 0 0 0 0 
[55fc6d]
Flag = 1 0 0 1 0 0 0 0 0 0 0 
[5f7e04]
Flag = 1 0 0 0 0 0 1 0 0 0 0 
[5f8907]
Flag = 1 0 0 0 0 0 1 0 0 0 0 
[206ed6]
Flag = 1 0 0 1 0 0 0 0 0 0 0 
[2063d3]
Flag = 1 0 0 0 1 0 0 0 0 0 0 
[2392b1]
Flag = 1 0 0 0 0 0 0 0 0 0 0 
[35c4a6]
Flag = 1 0 0 0 0 0 0 0 0 0 0 
[4dd033]
Flag = 1 0 0 0 0 0 0 0 0 0 0 
[389069]
Flag = 1 1 0 0 0 0 0 0 0 0 0 
[438866]
Flag = 1 0 0 0 0 0 0 0 0 0 0 
[4dba2d]
Flag = 1 0 0 0 0 1 0 0 0 0 0 
[2d986c]
Flag = 2 0 0 0 0 0 0 0 0 0 0 
[5d0a59]
Flag = 2 0 0 0 0 0 0 0 0 0 0 
[6c6588]
Flag = 2 0 0 0 0 0 0 0 0 0 0 
[fffff4fd]
Flag = 2 0 0 0 0 0 0 0 0 0 0 
[71dc05]
Flag = 2 0 0 0 0 0 0 0 0 0 0 5 
[720811]
Flag = 2 0 0 0 0 0 0 0 0 0 0 
[72341d]
Flag = 2 0 0 0 0 0 0 0 0 0 0 
[724a23]
Flag = 2 0 0 0 0 0 0 0 0 0 0 
[725526]
Flag = 2 0 0 0 0 0 0 0 0 0 0 
[726029]
Flag = 2 0 0 0 0 0 0 0 0 0 0 
[6d99dc]
Flag = 2 0 0 0 1 0 0 0 0 0 0 
[6d83d6]
Flag = 2 0 0 0 0 0 0 0 0 0 0 
[3206a1]
Flag = 2 0 0 0 0 0 0 0 0 0 0 
[5d155c]
Flag = 2 0 0 0 0 0 0 0 0 0 0 
[252a2]
Flag = 4 0 0 0 0 0 0 0 0 0 0 
[268a8]
Flag = 4 0 0 0 0 0 0 0 0 0 0 
[34fe7]
Flag = 4 0 0 0 0 0 0 0 0 0 0 
[39cfc]
Flag = 4 0 0 0 0 0 0 0 0 0 0 
[3c908]
Flag = 4 0 0 0 0 0 0 0 0 0 0 
[49fc28]
Flag = 8 0 0 1 0 0 0 0 0 0 0 
[4a072b]
Flag = 8 0 0 1 0 0 0 0 0 0 0 
